0.525811   31.847        0
0.781637  28.3624        0
 1.06686  25.0897        0
 1.34854  21.7199        0
 1.61956  18.3867        0
 1.83707   14.975        0
 2.12914  11.5913        0
  2.3648  8.04752        0
 2.61424   4.8739        0
 2.71189  40.6515        0
  2.8318  1.51122        0
 3.03207   37.184        0
 3.30279  33.8875        0
 3.57972  30.3909        0
 3.87264  27.0882        0
 4.12655  23.6673        0
 4.39634  20.3055        0
 4.67901  16.9951        0
 4.92335  13.6221        0
 5.15897  10.1375        0
 5.40404  6.76834        0
   5.558  42.4097        0
 5.65731  3.49619        0
 5.83535  39.1083        0
 6.09992  35.7349        0
 6.36623  32.3488        0
  6.6377  28.9624        0
 6.90568  25.5889        0
 7.16923  22.2117        0
 7.43512  18.8524        0
 7.69426  15.4882        0
 7.94285  12.0933        0
 8.18965  8.70249        0
 8.43929  5.35242        0
 8.67527  41.0378        0
 8.69624  1.98284        0
 8.90501  37.6314        0
 9.15807  34.2493        0
 9.41919  30.8679        0
 9.68273  27.4895        0
 9.94524  24.1141        0
 10.2065  20.7422        0
 10.4654  17.3717        0
 10.7198  13.9947        0
  10.971  10.6147        0
 11.2217  7.24867        0
 11.4668    3.916        0
 11.4668  42.8676        0
 11.7094   39.513        0
 11.7692 0.442183        0
 11.9521  36.1451        0
  12.206  32.7676        0
 12.4644    29.39        0
 12.7241  26.0137        0
 12.9832  22.6386        0
 13.2407  19.2643        0
  13.496  15.8887        0
 13.7494  12.5116        0
 14.0029  9.13744        0
 14.2606  5.76895        0
 14.4788  41.4681        0
 14.5358  2.37921        0
  14.741  38.0446        0
 14.9933  34.6647        0
 15.2487  31.2887        0
 15.5059  27.9128        0
 15.7632  24.5369        0
 16.0193  21.1607        0
 16.2739  17.7838        0
 16.5269   14.406        0
 16.7795  11.0282        0
 17.0349  7.65248        0
 17.2848  43.2842        0
 17.3017  4.27994        0
 17.5707 0.915408        0
 17.5335  39.9196        0
 17.7787  36.5571        0
 18.0332  33.1853        0
 18.2895  29.8115        0
 18.5457  26.4361        0
 18.8008  23.0594        0
 19.0543  19.6814        0
 19.3062   16.302        0
 19.5566  12.9214        0
 19.8065  9.54039        0
 20.0581  6.15993        0
 20.3215  2.78324        0
 20.2917  41.8575        0
 20.5558  38.4481        0
 20.8155  35.0801        0
 21.0735  31.7099        0
 21.3299  28.3362        0
 21.5847  24.9599        0
 21.8375  21.5814        0
 22.0882  18.2009        0
  22.337  14.8183        0
 22.5834  11.4337        0
 22.8263  8.04664        0
 23.0579  4.65688        0
 23.2868  1.28753        0
 23.3209  40.3025        0
 23.5948  36.9717        0
 23.8572  33.6088        0
 24.1155  30.2375        0
 24.3708  26.8622        0
 24.8734  20.1029        0
 24.6234  23.4839        0
 25.1211  16.7193        0
 25.3663  13.3327        0
 25.6081  9.94242        0
 25.8435  6.54659        0
 26.0685  3.14197        0
 26.1367  42.2883        0
 26.3778  38.8785        0
 26.6414   35.512        0
 26.9025  32.1413        0
 27.1593  28.7668        0
 27.4121   25.389        0
 27.6617   22.008        0
 27.9086  18.6239        0
 28.1532  15.2368        0
 28.3952  11.8459        0
 28.6335  8.44901        0
  28.867  5.04261        0
 29.0942  1.62985        0
 29.1483  40.7738        0
  29.425  37.4229        0
 29.6911  34.0489        0
 29.9504   30.674        0
 30.2042  27.2968        0
 30.4535  23.9162        0
 30.6993   20.532        0
 30.9429  17.1447        0
 31.1849  13.7545        0
 31.4251  10.3599        0
 31.6624  6.95666        0
 31.8998  3.53158        0
 31.9879  42.7787        0
 32.2086  39.3636        0
 32.4825  35.9606        0
 32.7451  32.5828        0
 33.0002   29.207        0
 33.2495  25.8279        0
  33.494  22.4438        0
 33.7353  19.0554        0
 33.9759  15.6654        0
 34.2173  12.2743        0
 34.4574  8.87903        0
 34.6915   5.4778        0
 34.9096  2.10201        0
 35.0214  41.2563        0
 35.2799  37.8571        0
 35.5451  34.4883        0
 35.8013  31.1178        0
 36.0508  27.7429        0
 36.2944  24.3607        0
  36.532  20.9702        0
 36.7674  17.5765        0
 37.0077   14.187        0
 37.2528  10.7998        0
 37.4951  7.40579        0
 37.7246  3.99173        0
 37.8721  43.2049        0
 38.0004 0.611362        0
 38.0696  39.6891        0
 38.3524  36.3849        0
 38.6093  33.0267        0
 38.8575  29.6591        0
 39.1015  26.2846        0
 39.3388  22.8951        0
 39.5621  19.4895        0
 39.7916  16.0917        0
 40.0411  12.7145        0
 40.2984  9.33806        0
 40.5458  5.94833        0
 40.7855  2.57029        0
 40.9552  41.6791        0
 41.1815  38.3078        0
 41.4292  34.9403        0
   41.67    31.57        0
 41.9122  28.2128        0
 42.1554   24.837        0
 42.3874  21.4285        0
 42.5555  17.9751        0
 42.8158  14.6075        0
   43.08  11.2629        0
 43.3759    7.897        0
 43.5954  4.48708        0
 43.8189   1.1116        0
 43.7744  43.6303        0
 44.0113  40.2495        0
  44.271  36.9039        0
 44.4912  33.4482        0
 44.7205   30.133        0
 44.9685  26.7928        0
 45.2243  23.4083        0
 45.4881  19.9658        0
 45.6732  16.5762        0
 45.9021  13.2722        0
 46.1237  9.82875        0
 46.4067  6.52477        0
 46.6123  3.13616        0
 46.8802  42.1345        0
 47.0986  38.7385        0
 47.3454  35.4246        0