           0            0     0.279167
  -0.0064367   -0.0079054    0.0791667
   0.0130634    0.0200433     0.779167
-0.000228709   0.00190666     0.479167
  0.00014875    0.0282825   -0.0208333
 -0.00561255    0.0296401     0.729167
  0.00400507  -0.00182316     0.729167
   0.0230184   0.00462979   -0.0208333
   0.0261091     0.032865   -0.0208333
  0.00432779  -0.00843429     0.529167
   0.0320722   -0.0141408    -0.320833
 -0.00854094     0.019256     0.629167
   0.0331368    0.0249639   -0.0708333
   0.0494461    0.0154325     0.829167
   0.0209696    0.0147169     0.279167
 -0.00228898   -0.0202595     0.679167
   0.0300496    0.0268205      1.32917
   0.0483027   -0.0177016    -0.270833
  -0.0106201   -0.0210453     0.529167
 -0.00542436    0.0255107    -0.170833
   0.0801799    0.0509677    0.0791667
   0.0113491   -0.0252933      2.17917
  0.00125701   -0.0247269   -0.0708333
  -0.0233177   -0.0233383      2.12917
   0.0353551   0.00643751     0.379167
    0.010008   -0.0226281   -0.0708333
   0.0122583   -0.0568748     0.679167
   0.0408242   -0.0175074     0.129167
   0.0450073   0.00823377     0.179167
  0.00481024   -0.0587681   -0.0708333
   0.0486029   -0.0516439   -0.0708333
   0.0150455      0.03581     0.579167
   0.0704791    0.0193483    -0.120833
   0.0223642     0.023375     0.779167
  -0.0103259   -0.0345956    -0.270833
 -0.00757227  -0.00638737     0.729167
  0.00963189    -0.043988     0.279167
  -0.0208051    0.0164361    -0.220833
   0.0628818   -0.0145606      1.52917
    0.119508    0.0479063     0.729167
    0.136514    0.0222931     0.229167
    0.122454    0.0487235     0.729167
   0.0639626    0.0410245     0.429167
    0.077631    0.0326155    -0.120833
   0.0624619    0.0844469      1.12917
    0.049128   -0.0128985     0.229167
   0.0275164     0.010875    -0.470833
 -0.00400121   -0.0217997     0.679167
   0.0315962  -0.00722264      1.42917
           0            0       0.8125
    0.022389   -0.0280866     0.929167
   0.0807867   -0.0576075    -0.170833
   0.0798078   -0.0444488     0.379167
    0.138279    -0.184634    0.0791667
    0.186087   -0.0163592    -0.870833
    0.162833    0.0742395    -0.170833
    0.102285    0.0663313    -0.570833
   0.0432709    0.0139839    -0.170833
   0.0476732   0.00959111    -0.670833
   0.0365095    0.0308379    -0.270833
  0.00942236  -0.00851162     0.779167
   0.0197479   -0.0194017      2.17917
     0.02413   -0.0173501      1.62917
   0.0185493   -0.0262351     0.129167
   0.0801177   -0.0463535    -0.320833
    0.114277   -0.0812173    -0.420833
    0.246232  -0.00443605    -0.970833
    0.289558     0.111632     -1.57083
    0.160666    0.0499992    -0.970833
    0.092464      0.12802     -1.27083
   0.0714252    0.0679865    -0.170833
   0.0183583    0.0186216      1.22917
           0            0     0.929167
   0.0166913    0.0295575     0.179167
   0.0178887    -0.015125    0.0291667
   0.0118585  -0.00590583      1.42917
   0.0219559    -0.102602    -0.170833
    0.062415    -0.092576    -0.420833
    0.117541    -0.151159    -0.770833
    0.256861    -0.258449     -2.72083
    0.433828    0.0223135     -3.27083
    0.310147     0.200487     -2.47083
   0.0890039     0.163977    -0.870833
   0.0097089    0.0982446     0.579167
    0.039556    0.0549034    -0.470833
  -0.0539433    0.0437181     0.579167
   0.0332918      0.04641     0.979167
 -0.00995884   -0.0401143     0.579167
   0.0150906  -0.00302728    0.0791667
   0.0012782     -0.19585    -0.270833
  -0.0402672    -0.605274    -0.970833
   0.0437151    -0.327371     -1.72083
   0.0176778    0.0011108     -5.27083
   0.0230288    0.0850255     -5.27083
 -0.00481937     0.267932     -3.17083
  -0.0223701     0.178231     -1.02083
  -0.0372281    0.0653842    -0.670833
 -0.00933029    0.0751461    -0.320833
   0.0381111    0.0432634    -0.520833
   0.0249653   0.00868716    -0.170833
   0.0162067   -0.0213804      1.37917
   -0.055453    -0.103835      1.42917
  -0.0867112    -0.132602     0.729167
   -0.097689    -0.235112     -1.37083
   -0.194656    -0.407917     -3.92083
   -0.240093      0.29477     -4.42083
  -0.0214269    0.0354423     -5.22083
  -0.0973431     0.205175     -1.47083
 -0.00483607    0.0722631     -1.32083
  -0.0207212   -0.0157281    -0.770833
   0.0401842   -0.0166821    -0.420833
   0.0119506   0.00515509      1.22917
 -0.00112491   -0.0231729     0.329167
  -0.0106629    -0.111422    0.0291667
  -0.0263155   -0.0636994     0.229167
   -0.145787   -0.0585696    -0.120833
   -0.279079    -0.285969    -0.920833
    -0.34653    -0.182493     -1.77083
   -0.390352    0.0310688     -3.67083
   -0.309401    0.0632012     -1.52083
   -0.154052      0.05559    -0.720833
  -0.0871264   0.00275634    -0.470833
  -0.0104377   -0.0494086    -0.420833
   0.0207486   -0.0201321    -0.220833
   0.0489433    0.0263596    -0.620833
   0.0257909   -0.0137733     0.979167
  -0.0289226   -0.0431543     0.629167
  -0.0260664    -0.102344    -0.520833
   -0.160481    -0.164159     0.279167
   -0.247199    -0.165589    -0.720833
   -0.332692    -0.100893    -0.220833
   -0.301665   -0.0685204   -0.0708333
   -0.123067   0.00361603    -0.270833
   -0.103594   -0.0816609    0.0291667
  -0.0597178   -0.0410556     0.529167
  -0.0363562   -0.0134041    -0.120833
  -0.0175704    0.0102322      1.37917
  0.00549426   -0.0576459      1.17917
   0.0295287   -0.0151805     0.829167
  -0.0837099   -0.0227873      1.47917
   -0.116814   -0.0297972      1.27917
   -0.174929   -0.0433971     0.629167
   -0.185839    -0.045585    -0.520833
   -0.175294   -0.0781143     0.129167
    -0.14095   -0.0521257   -0.0208333
   -0.125073    -0.069366     0.779167
  -0.0651641   -0.0736217    -0.170833
   -0.072335    0.0436007     0.779167
  -0.0126672   -0.0270696    -0.520833
   0.0148694    0.0131816      1.67917
   0.0256685  -0.00292385      1.47917
  -0.0438268  0.000994148      2.17917
  -0.0706744   -0.0919046     0.579167
  -0.0913479   -0.0175198     0.879167
  -0.0738179   -0.0526593    -0.170833
   -0.112361    -0.117185     0.779167
   -0.105853   -0.0566034     0.129167
   -0.111865   -0.0878696    0.0291667
  -0.0594352   -0.0910999    0.0791667
  -0.0376172   -0.0410791   -0.0208333
  -0.0272624   -0.0505652     0.429167
  -0.0138787   0.00591005      1.52917
           0            0      1.64583
           0            0      1.39583
  -0.0307899     0.030045      2.92917
  -0.0208098    0.0504713      1.47917
   -0.100949   -0.0846233   -0.0208333
  -0.0413836     0.019927    -0.170833
   -0.144428    -0.423195      2.07917
  -0.0915367    0.0248573      1.32917
  0.00485528   -0.0624894   -0.0208333
  -0.0156386   -0.0595997    -0.120833
  -0.0404885  -0.00752367      1.12917
  -0.0458964   -0.0494192    -0.170833
  -0.0462134   -0.0409383      1.32917
   0.0470893   -0.0188689     0.979167
   0.0131384    0.0200157     0.529167
-0.000767176   0.00939316      1.42917
  -0.0745755 -0.000385455     0.629167
   -0.113611    -0.397254     0.329167
   0.0470961   -0.0155493      1.82917
  0.00820995   -0.0375793     0.479167
   0.0258009  -0.00381304     0.529167
   0.0172941    -0.012942    -0.120833
   0.0451254    0.0230793    -0.170833
   0.0496142  -0.00764068    -0.220833
   0.0289009    0.0264528    -0.270833
   0.0308702  -0.00414714    -0.420833
   0.0241528    0.0583421   -0.0708333
           0            0     0.345833
 -0.00165878   0.00860111     0.379167
   0.0177013    0.0110994      1.42917
   0.0109482   -0.0203971     0.429167
   0.0179947   -0.0150721    0.0291667
   0.0386283    0.0205898     0.179167
   0.0282693    0.0438393    -0.120833
  -0.0162371   -0.0128537      1.37917
   0.0214816  -0.00512608     0.679167
    0.059848   0.00762799     0.629167
   0.0406839   -0.0201547     0.579167
 -0.00706651    0.0450054     0.129167
   0.0538986     0.027997    -0.120833
  0.00302398   -0.0264119     0.129167
           0            0     0.916667
           0            0        0.925